strain	rep	gen	batch	r	k	n0	auc	sigma
S	0	0	1	1.30407	0.30396	3.7651e-08	1.81224	0.01055
S	0	0	1	1.27785	0.31478	5.6987e-08	1.88709	0.01005
S	0	0	1	1.35337	0.29601	2.4778e-08	1.83676	0.01226
M	0	0	1	1.29702	0.28446	1.1273e-07	1.97103	0.01066
M	0	0	1	1.29286	0.30348	1.0224e-07	2.00651	0.00957
M	0	0	1	1.26692	0.31222	6.7436e-08	1.87833	0.00952
L	0	0	1	0.93703	0.30972	1.1977e-06	1.51618	0.01113
L	0	0	1	0.63705	0.32492	6.7333e-05	1.67116	0.01745
L	0	0	1	1.07475	0.28995	1.6386e-07	1.38866	0.00968
X	0	0	1	1.21782	0.32655	3.4326e-07	2.24004	0.01303
X	0	0	1	1.34520	0.35365	4.3894e-08	2.25834	0.01394
X	0	0	1	1.14091	0.34772	6.0073e-07	2.27167	0.01372
S	1	465	1	1.17465	0.28852	6.2428e-07	2.17628	0.01981
S	2	465	1	1.30457	0.28155	1.2902e-07	1.96629	0.00875
S	3	465	1	1.16645	0.30882	3.6083e-07	2.02518	0.01175
S	4	465	1	1.20683	0.29701	1.9123e-07	1.95509	0.01354
S	5	465	1	1.30205	0.30038	5.0709e-08	1.84971	0.00955
S	6	465	1	1.31157	0.30490	4.2675e-08	1.86225	0.01014
S	7	465	1	1.20348	0.30034	1.5934e-07	1.89066	0.01095
S	8	465	1	1.23347	0.30780	7.8848e-08	1.80430	0.00944
M	1	465	1	1.32593	0.30676	4.3780e-08	1.91420	0.01008
M	2	465	1	1.24144	0.28949	2.1835e-07	1.97953	0.00834
M	3	465	1	1.34433	0.29700	4.4427e-08	1.91770	0.00964
M	4	465	1	1.04333	0.30608	2.4585e-06	2.37984	0.02951
M	5	465	1	1.33865	0.31147	3.6583e-08	1.93557	0.01027
M	6	465	1	1.34763	0.31119	3.5660e-08	1.96427	0.01066
M	7	465	1	1.30206	0.29744	9.4018e-08	1.99934	0.01091
M	8	465	1	1.27784	0.32212	8.8376e-08	2.02741	0.00988
L	1	465	1	1.32260	0.28510	1.3432e-07	2.02924	0.00828
L	2	465	1	1.18652	0.32891	2.1932e-07	2.04787	0.01139
L	3	465	1	1.31129	0.29450	4.8116e-08	1.83830	0.00995
L	4	465	1	1.18970	0.30595	3.0600e-07	2.04923	0.01196
L	5	465	1	1.36871	0.29764	4.6013e-08	1.99933	0.00991
L	6	465	1	1.21792	0.27677	1.7029e-07	1.78198	0.01052
L	7	465	1	1.15440	0.30369	6.5557e-07	2.18166	0.01576
L	8	465	1	1.30392	0.29751	6.0401e-08	1.88362	0.00986
X	1	465	1	1.57906	0.32337	3.1509e-08	2.57240	0.01072
X	2	465	1	1.52491	0.34556	4.7440e-08	2.86032	0.02706
X	3	465	1	1.87752	0.35736	1.8285e-09	2.89829	0.03211
X	4	465	1	2.00064	0.34221	2.2026e-10	2.65022	0.03404
X	5	465	1	1.54795	0.36051	5.1866e-08	3.04188	0.02645
X	6	465	1	1.80602	0.34178	9.8512e-10	2.48846	0.01385
X	7	465	1	1.40254	0.29729	7.6537e-08	2.17317	0.01168
X	8	465	1	1.48095	0.30843	4.0071e-08	2.28309	0.01135
k	2	465	1	0.94476	0.30262	5.7812e-07	1.27868	0.00783
k	2	465	1	0.86682	0.30584	1.8173e-06	1.43105	0.01534
k	2	465	1	0.86010	0.30799	1.9589e-06	1.40550	0.01310
S	0	0	2	1.23765	0.31296	7.1320e-08	1.81558	0.00983
S	0	0	2	1.21595	0.31712	1.0739e-07	1.86695	0.00950
S	0	0	2	1.31002	0.29438	3.4810e-08	1.76139	0.00959
M	0	0	2	1.28070	0.30235	1.3423e-07	2.05498	0.01041
M	0	0	2	1.25886	0.30736	1.3437e-07	1.99939	0.00927
M	0	0	2	1.20359	0.31657	1.2219e-07	1.85723	0.00960
L	0	0	2	1.03224	0.31385	2.7599e-07	1.45738	0.00993
L	0	0	2	0.84206	0.32181	3.8320e-06	1.60543	0.01570
L	0	0	2	1.03230	0.30043	2.5039e-07	1.38721	0.00930
X	0	0	2	1.32230	0.34277	7.4130e-08	2.24218	0.01278
X	0	0	2	1.19589	0.33481	2.8846e-07	2.18117	0.01404
X	0	0	2	1.18329	0.33709	3.6209e-07	2.18113	0.01315
S	1	465	2	1.07855	0.29913	1.8463e-06	2.20924	0.01827
S	2	465	2	1.27373	0.29259	1.5760e-07	2.00925	0.00899
S	3	465	2	1.23267	0.31309	1.2361e-07	1.94769	0.01025
S	4	465	2	1.01799	0.31470	1.7042e-06	2.07260	0.01678
S	5	465	2	1.26583	0.30409	7.0918e-08	1.85140	0.00969
S	6	465	2	1.23612	0.31595	8.6561e-08	1.87035	0.00933
S	7	465	2	1.14199	0.30888	2.8022e-07	1.88232	0.01165
S	8	465	2	1.28928	0.30420	4.1412e-08	1.79238	0.00963
M	1	465	2	1.24289	0.30377	1.1172e-07	1.90713	0.00962
M	2	465	2	1.14991	0.29850	6.0856e-07	2.10087	0.01450
M	3	465	2	1.30954	0.30051	5.7772e-08	1.90444	0.00945
M	4	465	2	0.90123	0.32074	1.3429e-05	2.40611	0.02394
M	5	465	2	1.26174	0.31397	8.0209e-08	1.91957	0.01000
M	6	465	2	1.30793	0.31291	5.0139e-08	1.93561	0.00992
M	7	465	2	1.30013	0.31231	9.0848e-08	2.04505	0.00975
M	8	465	2	1.25826	0.32588	9.7197e-08	2.01326	0.00996
L	1	465	2	1.28560	0.29204	1.7369e-07	2.03989	0.00856
L	2	465	2	1.23594	0.31015	1.0848e-07	1.89728	0.00980
L	3	465	2	1.23910	0.30019	1.1014e-07	1.86356	0.00946
L	4	465	2	1.10299	0.31649	7.5240e-07	2.07577	0.01352
L	5	465	2	1.30560	0.28272	7.7863e-08	1.86377	0.00921
L	6	465	2	1.21296	0.29322	1.4769e-07	1.81603	0.01026
L	7	465	2	1.32041	0.31084	9.5076e-08	2.10906	0.01008
L	8	465	2	1.26464	0.29975	7.9146e-08	1.85103	0.00964
X	1	465	2	1.19717	0.33525	1.2892e-06	2.63076	0.01307
X	2	465	2	1.19936	0.36691	1.0801e-06	2.99249	0.03031
X	3	465	2	1.37504	0.36414	1.7958e-07	2.75299	0.01076
X	4	465	2	1.44436	0.31661	5.8494e-08	2.34175	0.01244
X	5	465	2	1.74301	0.35608	6.0631e-09	2.85491	0.01896
X	6	465	2	2.09059	0.33414	5.9355e-11	2.51296	0.01895
X	7	465	2	1.32798	0.30015	1.5032e-07	2.16007	0.01015
X	8	465	2	1.54009	0.32973	2.0770e-08	2.43808	0.01122
k	2	465	2	0.90311	0.30807	6.8931e-07	1.15940	0.00769
k	2	465	2	0.81519	0.29593	2.6786e-06	1.25947	0.01423
k	2	465	2	0.79080	0.31560	4.6072e-06	1.38054	0.01284
S	0	0	3	1.29155	0.29862	2.3480e-08	1.63261	0.01142
S	0	0	3	1.26421	0.29975	3.2019e-08	1.60203	0.01056
S	0	0	3	1.29821	0.29533	2.6056e-08	1.62524	0.00942
M	0	0	3	1.23656	0.31746	5.4547e-08	1.71060	0.00935
M	0	0	3	1.27453	0.30675	3.9662e-08	1.70464	0.01052
M	0	0	3	1.25238	0.30393	4.3998e-08	1.66694	0.01006
L	0	0	3	1.00456	0.30629	3.5079e-07	1.34524	0.00947
L	0	0	3	1.01402	0.31089	4.1345e-07	1.44609	0.00879
L	0	0	3	1.03106	0.29676	1.9507e-07	1.26837	0.00997
X	0	0	3	1.35629	0.33903	1.7865e-08	1.91568	0.01403
X	0	0	3	1.19522	0.34834	1.3335e-07	1.98700	0.01447
X	0	0	3	1.19567	0.33883	1.5480e-07	1.98168	0.01345
S	1	1046	3	1.39725	0.29407	1.4735e-08	1.74552	0.00951
S	2	1046	3	1.40069	0.32470	3.8583e-08	2.14751	0.01092
S	3	1046	3	1.24706	0.33804	6.1297e-08	1.86079	0.00947
S	4	1046	3	1.22475	0.22246	2.0437e-08	1.06796	0.01157
S	5	1046	3	1.29980	0.29927	3.9250e-08	1.77088	0.01320
S	6	1046	3	1.44849	0.26743	6.3276e-09	1.60820	0.01271
S	7	1046	3	1.29479	0.33373	5.8292e-08	1.98786	0.00978
S	8	1046	3	1.21150	0.29291	9.0173e-08	1.65578	0.00950
M	1	1046	3	1.22046	0.31125	1.4755e-07	1.87781	0.00981
M	2	1046	3	1.29102	0.31037	5.9031e-08	1.85903	0.00858
M	3	1046	3	1.21474	0.30028	1.5827e-07	1.85125	0.01250
M	4	1046	3	1.35252	0.30504	3.1178e-08	1.85025	0.00897
M	5	1046	3	1.06380	0.30402	1.2487e-06	1.95080	0.01211
M	6	1046	3	1.44679	0.27118	9.4811e-09	1.68388	0.01145
M	7	1046	3	1.33855	0.31293	3.8104e-08	1.90723	0.01001
M	8	1046	3	1.35807	0.31153	3.9840e-08	1.96433	0.01010
L	1	1046	3	1.37635	0.27940	3.7120e-08	1.81383	0.01038
L	2	1046	3	1.34713	0.31335	3.7394e-08	1.93176	0.00985
L	3	1046	3	1.28804	0.31084	1.3714e-07	2.06824	0.01335
L	4	1046	3	1.07709	0.34580	9.4944e-07	2.07892	0.01034
L	5	1046	3	1.43143	0.31916	3.1716e-08	2.15082	0.01019
L	6	1046	3	1.42244	0.32828	1.7927e-08	2.03835	0.01033
L	7	1046	3	1.37240	0.29109	2.8821e-08	1.81315	0.00941
L	8	1046	3	1.18904	0.29722	2.2187e-07	1.84138	0.01146
X	1	1046	3	1.31669	0.37490	1.3499e-07	2.49079	0.02419
X	2	1046	3	1.64789	0.33985	4.1175e-09	2.35984	0.01922
X	3	1046	3	1.67923	0.35165	1.1420e-08	2.70945	0.01184
X	4	1046	3	1.76616	0.36078	7.3180e-10	2.41335	0.01797
X	5	1046	3	2.08297	0.43077	1.1728e-11	2.73804	0.03019
X	6	1046	3	1.66273	0.36886	3.2964e-09	2.53270	0.03203
X	7	1046	3	1.11235	0.30170	1.0026e-06	2.00531	0.01351
X	8	1046	3	1.53218	0.28517	1.6848e-08	2.04007	0.01314
k	2	1046	3	0.87860	0.32855	9.7098e-07	1.15668	0.00779
k	2	1046	3	0.93303	0.31472	5.2860e-07	1.17523	0.00741
k	2	1046	3	0.94201	0.31389	4.5649e-07	1.16641	0.00758
S	0	0	4	1.26282	0.29914	2.7747e-08	1.55826	0.00987
S	0	0	4	1.23853	0.30005	4.0711e-08	1.58724	0.01058
S	0	0	4	1.31789	0.29467	2.0663e-08	1.64173	0.01159
M	0	0	4	1.21499	0.30671	7.5820e-08	1.67548	0.00877
M	0	0	4	1.28443	0.29413	3.5414e-08	1.65283	0.01041
M	0	0	4	1.20937	0.30414	6.2524e-08	1.61804	0.01043
L	0	0	4	0.97000	0.31330	4.6226e-07	1.29808	0.00828
L	0	0	4	0.97307	0.31258	5.4678e-07	1.36934	0.00901
L	0	0	4	0.97130	0.29365	3.8606e-07	1.20957	0.00917
X	0	0	4	1.24195	0.34925	5.8269e-08	1.89689	0.01229
X	0	0	4	1.20715	0.33215	1.2527e-07	1.94069	0.01537
X	0	0	4	1.18213	0.32660	2.2356e-07	1.98044	0.01524
S	1	1046	4	1.34025	0.30374	2.5558e-08	1.76771	0.00907
S	2	1046	4	1.36181	0.31865	5.6197e-08	2.10170	0.01085
S	3	1046	4	1.20771	0.33484	8.8067e-08	1.81914	0.00998
S	4	1046	4	1.12844	0.23487	5.5297e-08	1.08825	0.01111
S	5	1046	4	1.27083	0.29109	5.5949e-08	1.71488	0.01266
S	6	1046	4	1.41692	0.26606	7.6639e-09	1.55629	0.01227
S	7	1046	4	1.24462	0.33539	8.5166e-08	1.94368	0.01028
S	8	1046	4	1.32066	0.28971	2.3107e-08	1.64190	0.01057
M	1	1046	4	1.12279	0.31214	5.3718e-07	1.93503	0.01148
M	2	1046	4	1.27286	0.29663	7.7888e-08	1.80887	0.00810
M	3	1046	4	1.17334	0.29737	2.5566e-07	1.83446	0.01192
M	4	1046	4	1.40841	0.30989	1.6951e-08	1.88737	0.00744
M	5	1046	4	1.05285	0.30524	1.3327e-06	1.90477	0.01107
M	6	1046	4	1.45314	0.26871	8.0591e-09	1.65915	0.01202
M	7	1046	4	1.38031	0.31035	1.9012e-08	1.84077	0.00991
M	8	1046	4	1.31262	0.30938	6.3303e-08	1.93859	0.01017
L	1	1046	4	1.29213	0.28710	8.5049e-08	1.82807	0.01040
L	2	1046	4	1.33230	0.29644	4.8865e-08	1.86612	0.00991
L	3	1046	4	1.41242	0.29824	2.9323e-08	1.96473	0.01237
L	4	1046	4	1.27170	0.34498	8.8707e-08	2.08651	0.00990
L	5	1046	4	1.41669	0.30247	3.6436e-08	2.04193	0.01054
L	6	1046	4	1.31794	0.33023	5.4778e-08	2.02929	0.01072
L	7	1046	4	1.46353	0.28653	8.2074e-09	1.74425	0.00970
L	8	1046	4	1.14652	0.29457	3.4629e-07	1.80258	0.01146
X	1	1046	4	1.41917	0.34255	4.5923e-08	2.33548	0.01037
X	2	1046	4	1.64961	0.35963	3.2532e-09	2.45146	0.02174
X	3	1046	4	1.65377	0.35512	1.2315e-08	2.69510	0.01251
X	4	1046	4	1.61154	0.29771	3.5948e-09	1.98153	0.01265
X	5	1046	4	2.02528	0.37837	1.7184e-11	2.37626	0.02995
X	6	1046	4	1.88850	0.36253	2.4310e-10	2.48552	0.02949
X	7	1046	4	1.13701	0.28681	8.0524e-07	1.94474	0.01587
X	8	1046	4	1.63034	0.30730	1.7085e-08	2.37943	0.03018
k	2	1046	4	0.76325	0.34575	3.2187e-06	1.01301	0.00690
k	2	1046	4	0.89621	0.32003	7.8210e-07	1.14514	0.00707
k	2	1046	4	0.87026	0.32132	9.9893e-07	1.11171	0.00729
S	0	0	5	1.27882	0.30583	3.0483e-08	1.67023	0.00982
S	0	0	5	1.25841	0.31846	2.6722e-08	1.65334	0.01213
S	0	0	5	1.31383	0.30110	1.8360e-08	1.62857	0.01060
M	0	0	5	1.31419	0.29803	1.3851e-08	1.56138	0.01083
M	0	0	5	1.31057	0.30482	2.1494e-08	1.68454	0.01064
M	0	0	5	1.26063	0.31630	3.9215e-08	1.73841	0.01176
L	0	0	5	0.98376	0.31326	2.3206e-07	1.16326	0.00874
L	0	0	5	0.96620	0.30899	2.7798e-07	1.13495	0.00917
L	0	0	5	1.00128	0.30098	2.2148e-07	1.21284	0.00933
X	0	0	5	0.97753	0.33162	2.6518e-06	2.00725	0.01647
X	0	0	5	1.16197	0.34873	1.7849e-07	1.96895	0.01680
X	0	0	5	1.08114	0.35251	5.7986e-07	2.02781	0.01550
S	1	1511	5	1.38950	0.30230	1.5632e-08	1.80489	0.00919
S	2	1511	5	1.24528	0.31692	4.7974e-07	2.28141	0.00891
S	3	1511	5	1.32135	0.32585	4.6690e-08	1.99590	0.01016
S	4	1511	5	0.94882	0.24739	3.8131e-07	0.98442	0.00734
S	5	1511	5	1.32574	0.30750	3.4116e-08	1.85467	0.01152
S	6	1511	5	1.31857	0.30173	3.3330e-08	1.78882	0.01026
S	7	1511	5	1.36739	0.32836	3.1173e-08	2.05047	0.01033
S	8	1511	5	1.28688	0.30363	3.5109e-08	1.71629	0.01015
M	1	1511	5	1.16813	0.32349	4.6590e-07	2.09222	0.01274
M	2	1511	5	1.39905	0.27518	2.0462e-08	1.73811	0.00975
M	3	1511	5	1.14858	0.30978	5.8819e-07	2.03316	0.01113
M	4	1511	5	1.51330	0.23727	5.8699e-09	1.53974	0.01051
M	5	1511	5	1.17404	0.31974	3.0285e-07	1.96893	0.00782
M	6	1511	5	1.37326	0.26101	2.4584e-08	1.61729	0.01001
M	7	1511	5	0.93364	0.26087	9.4538e-06	1.83031	0.01396
M	8	1511	5	1.44522	0.26806	1.3802e-08	1.74082	0.01234
L	1	1511	5	0.92939	0.24775	8.5085e-06	1.73522	0.01658
L	2	1511	5	1.14015	0.30691	1.0037e-06	2.11576	0.00880
L	3	1511	5	1.27442	0.31252	1.7647e-07	2.11301	0.01017
L	4	1511	5	1.21279	0.31666	3.2893e-07	2.11490	0.01133
L	5	1511	5	1.68863	0.24985	3.1247e-09	1.83572	0.01174
L	6	1511	5	1.35793	0.27795	6.4731e-08	1.88564	0.01227
L	7	1511	5	0.92422	0.29832	1.3225e-05	2.11802	0.01074
L	8	1511	5	0.88173	0.27111	1.5505e-05	1.85878	0.01277
X	1	1511	5	2.29124	0.33392	1.0225e-10	2.83809	0.02622
X	2	1511	5	1.83167	0.32788	2.8999e-09	2.60027	0.03228
X	3	1511	5	2.17279	0.28640	2.8974e-10	2.44844	0.02191
X	4	1511	5	1.45138	0.33623	5.5728e-08	2.43227	0.01049
X	5	1511	5	2.41977	0.34552	1.2189e-11	2.81971	0.04572
X	6	1511	5	1.70108	0.36542	4.8597e-09	2.69723	0.02398
X	7	1511	5	1.45847	0.26374	1.6057e-08	1.76842	0.01419
X	8	1511	5	2.07870	0.29346	3.4604e-10	2.40848	0.02275
k	2	1511	5	0.86304	0.34049	7.1441e-07	1.01301	0.00825
k	2	1511	5	0.96346	0.30435	2.8352e-07	1.11388	0.00878
k	2	1511	5	0.90199	0.31892	6.6425e-07	1.15066	0.00918
S	0	0	6	1.26058	0.30590	2.9514e-08	1.61355	0.01072
S	0	0	6	1.21596	0.31249	3.8491e-08	1.58279	0.01123
S	0	0	6	1.32428	0.29483	1.3886e-08	1.56777	0.00993
M	0	0	6	1.20245	0.29928	5.3819e-08	1.56431	0.01126
M	0	0	6	1.24113	0.30212	4.4800e-08	1.62193	0.00954
M	0	0	6	1.23437	0.31589	4.0754e-08	1.66019	0.01137
L	0	0	6	0.96663	0.32546	2.4464e-07	1.14099	0.00994
L	0	0	6	0.92580	0.31933	4.1581e-07	1.10843	0.00934
L	0	0	6	1.10771	0.30365	4.5037e-08	1.18986	0.01614
X	0	0	6	1.18780	0.34300	1.3153e-07	1.93686	0.01469
X	0	0	6	1.14062	0.33857	2.4376e-07	1.93585	0.01643
X	0	0	6	1.03415	0.33420	1.2475e-06	1.98920	0.01670
S	1	1511	6	1.36343	0.30169	1.8119e-08	1.76418	0.00914
S	2	1511	6	1.27307	0.31967	3.2412e-07	2.32828	0.01271
S	3	1511	6	1.25672	0.33137	8.2759e-08	1.96767	0.00996
S	4	1511	6	1.10808	0.22389	4.4982e-08	0.94501	0.01082
S	5	1511	6	1.36313	0.30450	1.7823e-08	1.79190	0.01119
S	6	1511	6	1.29996	0.29523	3.1379e-08	1.69442	0.01047
S	7	1511	6	1.32615	0.33074	3.8608e-08	1.98918	0.01021
S	8	1511	6	1.26753	0.29660	4.3149e-08	1.67274	0.00980
M	1	1511	6	1.07531	0.31597	1.5877e-06	2.10742	0.01187
M	2	1511	6	1.29265	0.27406	6.7965e-08	1.72715	0.00919
M	3	1511	6	1.13186	0.30761	6.6511e-07	2.00195	0.01061
M	4	1511	6	1.52371	0.23917	4.6636e-09	1.53877	0.01100
M	5	1511	6	1.03150	0.31414	1.7492e-06	1.95933	0.00822
M	6	1511	6	1.40257	0.25707	1.7259e-08	1.61318	0.01189
M	7	1511	6	1.27381	0.26722	7.7938e-08	1.65420	0.01208
M	8	1511	6	1.39844	0.27040	2.0483e-08	1.72986	0.01326
L	1	1511	6	1.16711	0.24444	4.0440e-07	1.62951	0.01196
L	2	1511	6	1.36006	0.29465	1.1702e-07	2.09528	0.00741
L	3	1511	6	1.23810	0.31415	2.4734e-07	2.10628	0.01085
L	4	1511	6	1.16074	0.31889	5.1055e-07	2.08598	0.01172
L	5	1511	6	1.58693	0.24542	8.2649e-09	1.78279	0.01047
L	6	1511	6	1.40851	0.28195	2.7309e-08	1.85236	0.01304
L	7	1511	6	1.25274	0.30701	1.4653e-07	1.95692	0.01004
L	8	1511	6	0.94236	0.27352	6.0423e-06	1.79438	0.01176
X	1	1511	6	1.71574	0.34297	9.4748e-09	2.68809	0.02749
X	2	1511	6	1.88881	0.32998	9.1538e-10	2.52052	0.02588
X	3	1511	6	1.76689	0.29428	4.8104e-09	2.33449	0.01337
X	4	1511	6	1.34315	0.22567	1.4182e-07	1.67576	0.01232
X	5	1511	6	2.61435	0.34486	5.6671e-13	2.67142	0.03714
X	6	1511	6	2.04023	0.34843	1.1568e-10	2.58784	0.03372
X	7	1511	6	1.41902	0.27460	1.9632e-08	1.76906	0.01225
X	8	1511	6	1.80462	0.29356	4.2795e-09	2.35645	0.02013
k	2	1511	6	0.71509	0.40209	3.7831e-06	0.86674	0.00658
k	2	1511	6	0.87933	0.31654	7.8786e-07	1.09545	0.00901
k	2	1511	6	0.85649	0.32344	8.9966e-07	1.03089	0.00830
S	0	0	7	1.31435	0.31592	2.7542e-08	1.56766	0.01097
S	0	0	7	1.24792	0.31901	6.3256e-08	1.60185	0.01104
S	0	0	7	1.31044	0.30175	3.6752e-08	1.55482	0.00881
M	0	0	7	1.30675	0.30735	5.2465e-08	1.65857	0.01028
M	0	0	7	1.32343	0.30987	5.1196e-08	1.71381	0.01032
M	0	0	7	1.36436	0.32007	1.6105e-08	1.60152	0.01160
L	0	0	7	1.09479	0.30178	3.5917e-07	1.46884	0.01027
L	0	0	7	1.05482	0.31419	1.7688e-07	1.16118	0.00862
L	0	0	7	1.05054	0.31242	1.7346e-07	1.13282	0.01155
X	0	0	7	1.20680	0.32384	1.7211e-07	1.73220	0.01429
X	0	0	7	1.32590	0.34587	3.7683e-08	1.81136	0.01313
X	0	0	7	1.06143	0.34025	1.0799e-06	1.84000	0.01819
S	1	1977	7	1.33198	0.32808	2.7049e-07	2.21291	0.00561
S	2	1977	7	1.73085	0.33848	1.9595e-08	2.58906	0.02716
S	3	1977	7	1.34550	0.33595	5.9559e-08	1.94258	0.01072
S	4	1977	7	1.05848	0.24588	1.1792e-07	0.88709	0.00923
S	5	1977	7	1.11452	0.32388	2.4166e-06	2.15214	0.01150
S	6	1977	7	1.20896	0.30669	3.7667e-07	1.84406	0.01143
S	7	1977	7	1.50479	0.33393	2.3614e-08	2.12981	0.01014
S	8	1977	7	1.31467	0.30170	4.8806e-08	1.62893	0.00967
M	1	1977	7	1.42645	0.32771	3.7787e-08	2.00062	0.01021
M	2	1977	7	1.62871	0.20966	7.3054e-09	1.42455	0.01060
M	3	1977	7	1.21483	0.31243	5.6819e-07	1.99637	0.01140
M	4	1977	7	1.53015	0.29072	1.9875e-08	1.90747	0.01062
M	5	1977	7	1.09445	0.30303	1.3810e-06	1.81796	0.01159
M	6	1977	7	1.44505	0.25110	4.6596e-08	1.66109	0.01463
M	7	1977	7	1.27921	0.25381	1.8811e-07	1.60381	0.01372
M	8	1977	7	1.46430	0.26061	2.3452e-08	1.62585	0.01032
L	1	1977	7	1.15265	0.27480	7.9302e-07	1.74255	0.01790
L	2	1977	7	1.32831	0.31151	1.3406e-07	1.94318	0.00750
L	3	1977	7	1.14514	0.30383	2.5856e-06	2.17054	0.01295
L	4	1977	7	1.49124	0.30425	2.4763e-08	1.93899	0.01059
L	5	1977	7	1.80597	0.22292	1.8567e-09	1.56608	0.01209
L	6	1977	7	1.70974	0.26909	2.6125e-09	1.77526	0.01453
L	7	1977	7	1.11546	0.28349	1.4847e-06	1.80646	0.01291
L	8	1977	7	0.93943	0.26677	1.5016e-05	1.80131	0.01502
X	1	1977	7	1.54888	0.29375	1.2724e-07	2.29025	0.01164
X	2	1977	7	1.63079	0.33415	3.4572e-08	2.47986	0.01626
X	3	1977	7	1.63132	0.28510	7.7847e-08	2.28888	0.01543
X	4	1977	7	1.64624	0.39833	1.1891e-08	2.69760	0.01154
X	5	1977	7	1.79324	0.34778	1.2435e-08	2.70479	0.01387
X	6	1977	7	1.54341	0.28609	1.7689e-08	1.87515	0.01184
X	7	1977	7	1.06331	0.32594	2.4608e-06	2.01728	0.01302
X	8	1977	7	2.74004	0.30916	1.3166e-12	2.42191	0.03287
k	2	1977	7	0.92962	0.32972	5.5978e-07	1.00473	0.00691
k	2	1977	7	0.96281	0.31720	4.4181e-07	1.05205	0.00737
k	2	1977	7	0.97323	0.31878	3.1628e-07	0.99856	0.00693
S	0	0	8	1.28767	0.31705	2.9276e-08	1.50459	0.01101
S	0	0	8	1.33751	0.31106	1.6709e-08	1.51357	0.01185
S	0	0	8	1.35352	0.30156	2.1054e-08	1.54805	0.00945
M	0	0	8	1.25720	0.30998	8.4397e-08	1.64090	0.01008
M	0	0	8	1.28866	0.30296	6.6264e-08	1.63578	0.00916
M	0	0	8	1.27541	0.32339	3.6431e-08	1.55174	0.01171
L	0	0	8	1.03097	0.31406	6.5779e-07	1.45578	0.00974
L	0	0	8	1.01870	0.31746	2.4411e-07	1.12334	0.00901
L	0	0	8	0.97868	0.30919	3.9052e-07	1.06610	0.00808
X	0	0	8	1.26337	0.35465	5.8878e-08	1.77821	0.01427
X	0	0	8	1.27368	0.32806	8.9457e-08	1.79147	0.01282
X	0	0	8	1.08546	0.32598	9.5273e-07	1.81094	0.01588
S	1	1977	8	1.28348	0.33309	2.9218e-07	2.18733	0.01237
S	2	1977	8	1.81330	0.33297	2.9036e-09	2.36794	0.02117
S	3	1977	8	1.34956	0.33617	4.3498e-08	1.87617	0.01064
S	4	1977	8	1.03030	0.25265	1.4987e-07	0.86818	0.00889
S	5	1977	8	1.16380	0.31913	1.3047e-06	2.09616	0.01165
S	6	1977	8	1.30018	0.30639	9.3836e-08	1.76688	0.01179
S	7	1977	8	1.47865	0.33005	2.2138e-08	2.04191	0.00989
S	8	1977	8	1.34133	0.29067	3.6583e-08	1.58803	0.00984
M	1	1977	8	1.38516	0.31773	6.2216e-08	1.95621	0.01106
M	2	1977	8	1.56515	0.21218	1.3662e-08	1.44440	0.01150
M	3	1977	8	1.20358	0.31261	6.3463e-07	1.99104	0.01166
M	4	1977	8	1.50362	0.29256	2.3686e-08	1.89987	0.01104
M	5	1977	8	1.07291	0.29947	1.4899e-06	1.76662	0.01294
M	6	1977	8	1.34812	0.25371	7.9192e-08	1.57737	0.01133
M	7	1977	8	1.32900	0.26444	9.8167e-08	1.63770	0.01184
M	8	1977	8	1.39679	0.26010	4.7075e-08	1.61181	0.01080
L	1	1977	8	1.35900	0.25519	7.2833e-08	1.61008	0.01254
L	2	1977	8	1.39789	0.29648	6.4873e-08	1.87355	0.00900
L	3	1977	8	1.21114	0.30618	8.6823e-07	2.06437	0.01111
L	4	1977	8	1.47857	0.29643	2.1280e-08	1.85452	0.01056
L	5	1977	8	1.75210	0.22018	3.1626e-09	1.54830	0.01184
L	6	1977	8	1.68331	0.27200	2.5198e-09	1.74183	0.01450
L	7	1977	8	1.26644	0.29297	1.8998e-07	1.76822	0.01298
L	8	1977	8	0.97947	0.27126	7.0524e-06	1.73986	0.01418
X	1	1977	8	1.11841	0.32589	5.4578e-06	2.40081	0.01274
X	2	1977	8	1.51964	0.33183	6.3843e-08	2.36378	0.01492
X	3	1977	8	1.40806	0.31213	3.2954e-07	2.33557	0.01009
X	4	1977	8	1.44053	0.28520	6.2682e-08	1.90272	0.01242
X	5	1977	8	2.11823	0.33069	4.7941e-10	2.55766	0.01422
X	6	1977	8	1.58036	0.26936	1.2273e-08	1.78333	0.01157
X	7	1977	8	1.07855	0.30323	2.0094e-06	1.88579	0.01224
X	8	1977	8	2.09529	0.32072	6.8885e-10	2.49746	0.02937
k	2	1977	8	0.78618	0.37472	2.3839e-06	0.85567	0.00577
k	2	1977	8	0.89685	0.32812	8.2435e-07	0.97739	0.00678
k	2	1977	8	0.86968	0.33418	9.4360e-07	0.90050	0.00639
S	0	0	9	1.42131	0.33307	1.0155e-08	1.97757	0.00820
S	0	0	9	1.45994	0.34459	6.1986e-09	2.03750	0.00917
S	0	0	9	1.43116	0.33843	1.2832e-08	2.09016	0.00863
M	0	0	9	1.41120	0.33290	3.0195e-08	2.21265	0.00968
M	0	0	9	1.40625	0.34310	1.9474e-08	2.15441	0.00930
M	0	0	9	1.42911	0.34682	1.0420e-08	2.10778	0.00924
L	0	0	9	1.29243	0.33613	2.8699e-08	1.86479	0.00994
L	0	0	9	1.26720	0.33575	2.7074e-08	1.75768	0.00862
L	0	0	9	1.29409	0.33206	2.1801e-08	1.77561	0.00832
X	0	0	9	1.31560	0.32871	2.2571e-07	2.41332	0.01698
X	0	0	9	1.21567	0.35905	1.6501e-07	2.19087	0.01114
X	0	0	9	1.35407	0.32679	6.1611e-08	2.17848	0.01500
S	1	2375	9	1.73658	0.53360	7.7108e-09	4.11214	0.03897
S	2	2375	9	2.24141	0.42905	8.1085e-10	3.94040	0.04905
S	3	2375	9	1.59625	0.35857	1.6036e-08	2.69413	0.01007
S	4	2375	9	2.50804	0.30433	3.1773e-12	2.47849	0.04206
S	5	2375	9	1.64406	0.64508	8.7289e-09	4.54054	0.01671
S	6	2375	9	2.23463	0.33978	7.8744e-11	2.79883	0.01899
S	7	2375	9	1.43764	0.34154	2.0384e-07	2.76898	0.01152
S	8	2375	9	1.21501	0.34222	5.3116e-07	2.42742	0.00890
M	1	2375	9	2.51654	0.33189	4.3971e-12	2.71776	0.02399
M	2	2375	9	1.43751	0.31427	8.0456e-08	2.37385	0.00909
M	3	2375	9	2.30500	0.36465	4.1407e-11	2.99737	0.05032
M	4	2375	9	1.78358	0.34749	8.1920e-09	2.87314	0.01019
M	5	2375	9	2.62720	0.35903	1.2011e-12	2.91002	0.02941
M	6	2375	9	2.17658	0.38334	1.2694e-10	3.09853	0.05702
M	7	2375	9	1.72446	0.36001	3.7897e-08	3.17844	0.01391
M	8	2375	9	2.36537	0.33942	3.9730e-11	2.89248	0.04064
L	1	2375	9	2.58387	0.33954	2.4326e-11	3.07890	0.06027
L	2	2375	9	1.98609	0.33887	3.7246e-09	3.00752	0.02050
L	3	2375	9	2.04026	0.30346	1.4595e-09	2.64586	0.01853
L	4	2375	9	2.01530	0.29374	1.9480e-09	2.56728	0.01743
L	5	2375	9	1.50749	0.32999	9.1715e-08	2.66483	0.01351
L	6	2375	9	1.31850	0.31465	6.1443e-07	2.55727	0.01252
L	7	2375	9	2.15111	0.37133	1.4101e-09	3.39817	0.02878
L	8	2375	9	1.04858	0.29879	1.2537e-05	2.50322	0.00840
X	1	2375	9	2.77706	0.30005	1.1587e-11	2.86757	0.03019
X	2	2375	9	1.70953	0.24761	3.0486e-09	1.88242	0.01737
X	3	2375	9	2.74106	0.28005	1.1156e-11	2.65252	0.03028
X	4	2375	9	1.47100	0.27071	3.9972e-07	2.42812	0.01942
X	5	2375	9	2.17607	0.29275	4.1205e-10	2.57808	0.02551
X	6	2375	9	1.99538	0.29638	5.0819e-10	2.38145	0.02176
X	7	2375	9	1.07390	0.32020	5.3379e-06	2.47722	0.02100
X	8	2375	9	3.00643	0.34887	6.9239e-14	2.95527	0.04161
k	2	2375	9	1.16794	0.32148	4.6256e-08	1.49570	0.00924
k	2	2375	9	1.19093	0.31643	3.5234e-08	1.47982	0.00895
k	2	2375	9	1.24292	0.30543	1.4456e-08	1.38777	0.00739
S	0	0	10	1.45050	0.33504	5.4739e-09	1.93174	0.00948
S	0	0	10	1.46236	0.33729	5.3266e-09	1.96745	0.00857
S	0	0	10	1.47230	0.32940	7.4207e-09	2.02874	0.00795
M	0	0	10	1.44406	0.33488	1.8146e-08	2.19329	0.00977
M	0	0	10	1.38895	0.33892	2.0716e-08	2.09441	0.00902
M	0	0	10	1.43098	0.34361	7.7768e-09	2.00524	0.00945
L	0	0	10	1.30513	0.33931	1.9307e-08	1.81863	0.01068
L	0	0	10	1.27988	0.33850	1.7052e-08	1.69562	0.00964
L	0	0	10	1.29286	0.32410	1.7531e-08	1.67931	0.00827
X	0	0	10	1.42069	0.35980	3.4922e-08	2.44379	0.01571
X	0	0	10	1.34000	0.32937	5.5752e-08	2.13099	0.01369
X	0	0	10	1.56764	0.32856	7.4677e-09	2.26748	0.01396
S	1	2375	10	1.92199	0.40609	5.7771e-10	3.08080	0.02407
S	2	2375	10	2.22436	0.43064	5.2559e-10	3.85326	0.05730
S	3	2375	10	1.47033	0.38700	4.8567e-08	2.82194	0.00882
S	4	2375	10	2.70476	0.31914	4.5523e-13	2.59185	0.03786
S	5	2375	10	1.82132	0.56904	1.1490e-09	4.04906	0.03413
S	6	2375	10	1.62932	0.33150	2.4151e-08	2.65498	0.01235
S	7	2375	10	1.57555	0.35508	2.7599e-08	2.74401	0.01147
S	8	2375	10	1.22840	0.32429	5.4961e-07	2.35818	0.00969
M	1	2375	10	2.63089	0.42293	9.1972e-13	3.36600	0.05106
M	2	2375	10	1.24314	0.32573	6.2334e-07	2.44764	0.00945
M	3	2375	10	2.41566	0.40201	2.0234e-11	3.35276	0.06330
M	4	2375	10	1.65717	0.34199	2.3812e-08	2.78965	0.00909
M	5	2375	10	2.21851	0.36274	8.9154e-11	2.95277	0.05336
M	6	2375	10	2.51511	0.37599	2.2993e-12	2.97468	0.04292
M	7	2375	10	1.46865	0.33637	2.4398e-07	2.85329	0.01211
M	8	2375	10	2.22614	0.37223	1.1236e-10	3.10553	0.03390
L	1	2375	10	2.81854	0.33854	1.8609e-12	3.03119	0.03515
L	2	2375	10	2.44878	0.37610	1.6595e-11	3.17837	0.05764
L	3	2375	10	1.76747	0.30779	1.7512e-08	2.65865	0.01727
L	4	2375	10	1.77991	0.29608	1.0017e-08	2.48853	0.01671
L	5	2375	10	2.36003	0.35478	6.5192e-11	3.06988	0.01601
L	6	2375	10	1.30647	0.32896	5.8283e-07	2.60379	0.01138
L	7	2375	10	2.20119	0.34605	1.0184e-09	3.19776	0.03467
L	8	2375	10	3.23074	0.29692	7.2156e-14	2.72292	0.01632
X	1	2375	10	2.25287	0.26531	5.0656e-10	2.45894	0.02151
X	2	2375	10	1.54707	0.28356	1.2622e-08	2.07672	0.01478
X	3	2375	10	1.61564	0.31425	1.2784e-07	2.81488	0.01398
X	4	2375	10	1.94663	0.28133	1.5797e-09	2.35895	0.01629
X	5	2375	10	2.22191	0.29834	1.6463e-10	2.56152	0.02088
X	6	2375	10	2.52560	0.29439	5.2201e-12	2.46099	0.02985
X	7	2375	10	1.10801	0.32907	3.7140e-06	2.53991	0.01756
X	8	2375	10	2.31453	0.37166	9.2513e-11	3.18423	0.05360
k	2	2375	10	1.09018	0.32213	7.8354e-08	1.34191	0.00932
k	2	2375	10	1.17486	0.30887	3.0826e-08	1.36151	0.00874
k	2	2375	10	1.19251	0.30580	2.0987e-08	1.30675	0.00780
S	0	0	11	1.40643	0.33549	2.0122e-08	2.06066	0.00840
S	0	0	11	1.41756	0.34001	1.3760e-08	2.03859	0.01008
S	0	0	11	1.35546	0.33831	2.6788e-08	2.01565	0.00954
M	0	0	11	1.38261	0.33862	3.1436e-08	2.14313	0.00973
M	0	0	11	1.39647	0.34161	2.2508e-08	2.11280	0.01024
M	0	0	11	1.38478	0.34037	2.7319e-08	2.11192	0.00890
L	0	0	11	1.22708	0.33053	6.5046e-08	1.79335	0.00946
L	0	0	11	1.27511	0.33104	2.2425e-08	1.66741	0.00884
L	0	0	11	1.27394	0.33120	3.7930e-08	1.80906	0.00902
X	0	0	11	1.49821	0.31673	1.7349e-08	2.17659	0.01418
X	0	0	11	1.18255	0.33009	3.6420e-07	2.10741	0.01411
X	0	0	11	1.15415	0.33457	6.3682e-07	2.18991	0.01434
S	1	2907	11	2.09361	0.54720	1.5664e-10	4.11650	0.05464
S	2	2907	11	2.85252	0.50634	7.6810e-13	4.31256	0.08038
S	3	2907	11	1.55669	0.35823	2.7814e-08	2.66821	0.01131
S	4	2907	11	2.74769	0.27404	1.1313e-12	2.33905	0.02932
S	5	2907	11	2.04105	0.59408	1.2676e-10	4.19110	0.03879
S	6	2907	11	2.95373	0.34777	1.6609e-13	2.94678	0.03693
S	7	2907	11	1.64883	0.32190	2.4751e-08	2.59176	0.01216
S	8	2907	11	1.28338	0.32610	2.9330e-07	2.32683	0.00979
M	1	2907	11	2.25420	0.33857	8.3702e-11	2.77297	0.02611
M	2	2907	11	1.34155	0.34679	6.3595e-07	2.80874	0.01297
M	3	2907	11	2.28763	0.41630	8.6565e-11	3.46582	0.06491
M	4	2907	11	1.72331	0.34489	1.3414e-08	2.79214	0.01240
M	5	2907	11	2.73008	0.34688	1.1741e-12	2.89579	0.04002
M	6	2907	11	2.70824	0.37502	4.8638e-13	2.98196	0.05359
M	7	2907	11	3.06102	0.36698	5.7941e-14	3.10229	0.05269
M	8	2907	11	2.13604	0.41407	2.5688e-10	3.35508	0.07081
L	1	2907	11	3.02246	0.36118	3.6360e-13	3.20882	0.05990
L	2	2907	11	3.02804	0.30755	2.4667e-13	2.71940	0.03692
L	3	2907	11	3.00404	0.31410	1.9046e-13	2.74258	0.04148
L	4	2907	11	1.56857	0.29955	3.1456e-07	2.75802	0.01264
L	5	2907	11	1.25522	0.35528	2.3926e-06	2.97465	0.01538
L	6	2907	11	1.45036	0.29813	3.7069e-07	2.54848	0.01564
L	7	2907	11	3.14537	0.37998	1.1155e-13	3.38460	0.09432
L	8	2907	11	1.84475	0.30111	1.8151e-08	2.68923	0.00793
X	1	2907	11	2.96237	0.31124	8.5614e-13	2.81268	0.03796
X	2	2907	11	1.48934	0.26785	1.4892e-07	2.22091	0.01467
X	3	2907	11	3.11128	0.29773	1.1323e-13	2.64124	0.03296
X	4	2907	11	1.04285	0.31216	7.1209e-06	2.39598	0.01886
X	5	2907	11	2.77009	0.28760	5.3457e-12	2.63172	0.03656
X	6	2907	11	1.35845	0.26699	2.8319e-07	2.08262	0.01331
X	7	2907	11	1.36137	0.26882	4.5154e-07	2.19307	0.01273
X	8	2907	11	2.29006	0.27476	2.6233e-10	2.45204	0.02449
k	2	2907	11	1.17054	0.30798	3.9374e-08	1.36958	0.00804
k	2	2907	11	1.13072	0.31944	7.5954e-08	1.43388	0.00905
k	2	2907	11	1.18710	0.31437	3.8824e-08	1.44494	0.00860
S	0	0	12	1.42958	0.33725	1.2607e-08	2.03317	0.00927
S	0	0	12	1.39295	0.34328	1.7252e-08	2.05335	0.01052
S	0	0	12	1.42206	0.33384	1.1857e-08	1.97786	0.00853
M	0	0	12	1.35636	0.33955	3.7238e-08	2.10050	0.00962
M	0	0	12	1.38759	0.33287	2.0916e-08	2.00494	0.00913
M	0	0	12	1.41315	0.34321	1.5964e-08	2.08143	0.00990
L	0	0	12	1.30607	0.34507	1.8667e-08	1.79494	0.01193
L	0	0	12	1.25563	0.33417	2.1289e-08	1.60651	0.00954
L	0	0	12	1.25804	0.32612	4.0334e-08	1.74828	0.00875
X	0	0	12	1.30155	0.36016	7.3176e-08	2.23092	0.01421
X	0	0	12	1.30794	0.33139	9.7648e-08	2.15921	0.01362
X	0	0	12	1.40487	0.33340	4.0893e-08	2.21610	0.01346
S	1	2907	12	2.34986	0.46609	1.7929e-11	3.64627	0.05831
S	2	2907	12	2.72400	0.54473	2.2371e-12	4.57233	0.07011
S	3	2907	12	1.38940	0.38099	1.2591e-07	2.74366	0.01054
S	4	2907	12	2.65300	0.31665	1.6716e-12	2.62078	0.03002
S	5	2907	12	2.08611	0.60117	8.5752e-11	4.26399	0.04978
S	6	2907	12	2.01676	0.35028	8.1208e-10	2.86687	0.01983
S	7	2907	12	1.39031	0.33181	2.8082e-07	2.61424	0.01499
S	8	2907	12	1.30298	0.31808	2.6362e-07	2.30324	0.01018
M	1	2907	12	2.62645	0.41859	3.1985e-12	3.47398	0.02749
M	2	2907	12	1.32017	0.34579	7.1798e-07	2.77552	0.00945
M	3	2907	12	2.20705	0.41256	3.8718e-10	3.53777	0.05116
M	4	2907	12	1.64764	0.34817	2.6054e-08	2.78378	0.01077
M	5	2907	12	3.01082	0.36206	6.6216e-14	3.01514	0.05652
M	6	2907	12	2.64869	0.38509	9.2755e-13	3.04590	0.04128
M	7	2907	12	3.41666	0.35064	1.0339e-15	2.89926	0.03886
M	8	2907	12	2.14399	0.44468	2.1655e-10	3.56792	0.07486
L	1	2907	12	2.85079	0.36905	1.5703e-12	3.25918	0.05892
L	2	2907	12	2.97553	0.34348	2.3270e-13	2.95672	0.04402
L	3	2907	12	3.27486	0.32689	2.1036e-14	2.87374	0.03979
L	4	2907	12	1.36900	0.30372	1.6526e-06	2.76326	0.01349
L	5	2907	12	1.64668	0.37718	9.0672e-08	3.26775	0.01545
L	6	2907	12	1.58099	0.32030	1.0042e-07	2.69190	0.01879
L	7	2907	12	2.29767	0.38185	2.7138e-10	3.34292	0.07576
L	8	2907	12	3.15522	0.32337	2.1223e-13	2.96004	0.02082
X	1	2907	12	2.18012	0.30813	1.0283e-09	2.77198	0.02137
X	2	2907	12	1.29780	0.28624	7.9839e-07	2.32491	0.01677
X	3	2907	12	1.61147	0.34914	6.8137e-08	2.90091	0.01631
X	4	2907	12	1.67304	0.28895	8.0495e-09	2.19661	0.01341
X	5	2907	12	2.82056	0.29485	3.5790e-12	2.68332	0.03121
X	6	2907	12	1.74696	0.27374	1.1829e-08	2.25964	0.01141
X	7	2907	12	1.30603	0.28627	8.4138e-07	2.32586	0.01240
X	8	2907	12	2.30262	0.32263	1.9085e-10	2.82776	0.03723
k	2	2907	12	1.09749	0.31847	6.6146e-08	1.26234	0.00838
k	2	2907	12	1.13595	0.31931	5.4600e-08	1.35725	0.00924
k	2	2907	12	1.12439	0.31536	6.3566e-08	1.35597	0.00898
S	0	0	13	1.31763	0.33630	3.6759e-08	1.33612	0.00858
S	0	0	13	1.31376	0.33948	4.2258e-08	1.38674	0.00927
S	0	0	13	1.31763	0.33420	5.0599e-08	1.42427	0.00997
M	0	0	13	1.31265	0.34026	5.5603e-08	1.45217	0.00966
M	0	0	13	1.32554	0.33415	4.6825e-08	1.42452	0.00937
M	0	0	13	1.32615	0.34298	3.4213e-08	1.37400	0.00902
L	0	0	13	1.13645	0.34519	1.2875e-07	1.08310	0.00861
L	0	0	13	1.13015	0.34193	1.3467e-07	1.05964	0.00819
L	0	0	13	1.12771	0.34290	1.4049e-07	1.07800	0.00970
X	0	0	13	1.20844	0.31482	1.7365e-07	1.33739	0.01149
X	0	0	13	1.17508	0.34971	2.8039e-07	1.48099	0.01186
X	0	0	13	1.14059	0.35580	3.2305e-07	1.41378	0.01064
S	1	2907	13	2.00460	0.42651	1.0798e-09	2.68846	0.05381
S	2	2907	13	3.26516	0.35254	3.9178e-14	2.50209	0.05284
S	3	2907	13	1.19281	0.33474	1.7863e-06	1.98189	0.01270
S	4	2907	13	2.69916	0.31548	1.0523e-12	2.03686	0.03598
S	5	2907	13	1.89341	0.59928	2.4893e-09	3.55005	0.03785
S	6	2907	13	2.52861	0.37871	1.3555e-11	2.53634	0.03444
S	7	2907	13	2.71827	0.32888	1.4972e-12	2.18799	0.04012
S	8	2907	13	1.27472	0.35149	2.7627e-07	1.80017	0.01050
M	1	2907	13	3.21583	0.39385	7.7737e-14	2.78104	0.03797
M	2	2907	13	1.38269	0.33548	2.9249e-07	2.02583	0.01361
M	3	2907	13	2.72251	0.37619	1.1264e-12	2.43657	0.04935
M	4	2907	13	1.58920	0.34946	8.4031e-08	2.27673	0.01159
M	5	2907	13	3.04647	0.36142	8.9019e-14	2.42282	0.05773
M	6	2907	13	2.68015	0.39098	1.7030e-12	2.52311	0.05408
M	7	2907	13	2.73138	0.34316	1.3570e-12	2.28340	0.06609
M	8	2907	13	1.91255	0.38021	1.9427e-09	2.36827	0.05017
L	1	2907	13	2.95018	0.32482	2.0452e-12	2.42149	0.06840
L	2	2907	13	2.40348	0.32372	5.8661e-11	2.22678	0.03511
L	3	2907	13	3.18814	0.37778	8.2615e-14	2.67583	0.07754
L	4	2907	13	1.50001	0.29766	2.2097e-07	2.00121	0.01214
L	5	2907	13	1.58114	0.34534	1.0584e-07	2.28884	0.01272
L	6	2907	13	1.69909	0.30117	3.4758e-08	2.02835	0.01518
L	7	2907	13	3.15807	0.36530	1.5907e-13	2.62760	0.08001
L	8	2907	13	2.83480	0.28615	8.7948e-12	2.18045	0.01662
X	1	2907	13	3.22592	0.33744	8.1860e-14	2.42757	0.05703
X	2	2907	13	0.55363	567780.51092	5.8214e-06	0.10574	0.00289
X	3	2907	13	2.42587	0.29865	2.2336e-11	1.97906	0.04017
X	4	2907	13	1.01286	0.33286	3.9947e-06	1.67675	0.01386
X	5	2907	13	2.69100	0.27456	2.8949e-12	1.88031	0.02954
X	6	2907	13	0.71068	0.45219	1.2344e-04	2.02758	0.01870
X	7	2907	13	1.05015	0.31547	4.2328e-06	1.71782	0.01323
X	8	2907	13	2.57294	0.33006	1.7754e-11	2.31711	0.06786
k	2	2907	13	0.92871	0.38989	5.5573e-07	0.70205	0.00518
k	2	2907	13	0.96800	0.36286	4.0616e-07	0.76617	0.00684
k	2	2907	13	1.01792	0.34900	2.4583e-07	0.80543	0.00669
S	0	0	14	1.34405	0.34345	1.8440e-08	1.26299	0.00909
S	0	0	14	1.35710	0.34719	1.6988e-08	1.30637	0.00995
S	0	0	14	1.33849	0.33219	3.0132e-08	1.33167	0.00848
M	0	0	14	1.25664	0.34640	6.4870e-08	1.32068	0.00903
M	0	0	14	1.28407	0.34076	5.9901e-08	1.36836	0.00870
M	0	0	14	1.31251	0.35446	3.0053e-08	1.33253	0.01037
L	0	0	14	1.08676	0.37184	1.9714e-07	1.07178	0.00965
L	0	0	14	1.05116	0.37701	2.1346e-07	0.93967	0.00858
L	0	0	14	1.05083	0.35780	2.6211e-07	0.98418	0.00843
X	0	0	14	1.11861	0.34766	4.0237e-07	1.36106	0.01125
X	0	0	14	1.17408	0.33753	2.2391e-07	1.36789	0.01147
X	0	0	14	1.31587	0.32242	6.2959e-08	1.42209	0.01146
S	1	2375	14	1.80855	0.41101	2.6516e-09	2.36400	0.04691
S	2	2375	14	3.15430	0.38463	3.2229e-14	2.57358	0.05626
S	3	2375	14	1.12561	0.36279	1.9108e-06	1.91220	0.00991
S	4	2375	14	1.93005	0.33937	5.9489e-10	1.92582	0.02531
S	5	2375	14	2.08669	0.45367	9.2807e-11	2.48531	0.05443
S	6	2375	14	2.03320	0.32669	2.5983e-10	1.92543	0.01321
S	7	2375	14	1.42149	0.33853	1.1297e-07	1.90333	0.01392
S	8	2375	14	1.22706	0.33007	3.5178e-07	1.61874	0.00989
M	1	2375	14	2.77810	0.41828	4.8310e-13	2.64078	0.05698
M	2	2375	14	1.30903	0.33372	2.5822e-07	1.78984	0.00975
M	3	2375	14	2.67706	0.34346	1.3271e-12	2.18951	0.03592
M	4	2375	14	1.48704	0.34923	8.2413e-08	2.03952	0.00910
M	5	2375	14	2.84961	0.34980	2.2294e-13	2.22354	0.05011
M	6	2375	14	2.54859	0.35712	3.6838e-12	2.23023	0.04620
M	7	2375	14	2.39794	0.35253	6.4350e-12	2.08529	0.05388
M	8	2375	14	2.03733	0.38458	2.5375e-10	2.25719	0.05217
L	1	2375	14	2.31593	0.31999	1.1343e-10	2.16739	0.03497
L	2	2375	14	2.48153	0.32872	1.7242e-11	2.19777	0.05932
L	3	2375	14	1.99986	0.32022	1.9285e-09	2.14186	0.01989
L	4	2375	14	2.21430	0.30659	6.3388e-11	1.88124	0.02050
L	5	2375	14	1.48612	0.36635	1.8592e-07	2.32090	0.01791
L	6	2375	14	1.53974	0.30314	5.7009e-08	1.83042	0.01774
L	7	2375	14	3.07782	0.37345	5.7287e-14	2.48601	0.07688
L	8	2375	14	1.02820	0.28829	1.8334e-05	1.88886	0.02052
X	1	2375	14	1.74198	0.26119	2.0106e-08	1.74662	0.01401
X	2	2375	14	0.41025	1012132.62485	5.7762e-05	0.12174	0.00254
X	3	2375	14	2.33196	0.30033	2.8950e-11	1.89784	0.02551
X	4	2375	14	0.93118	0.31474	1.2994e-05	1.65549	0.02412
X	5	2375	14	2.78136	0.31241	4.5786e-13	2.00894	0.03354
X	6	2375	14	2.88240	0.31126	6.1755e-14	1.89544	0.02632
X	7	2375	14	0.97274	0.30786	4.1547e-06	1.39631	0.01419
X	8	2375	14	2.71791	0.36554	1.6963e-12	2.41224	0.05809
k	2	2375	14	0.76969	0.54300	3.3250e-06	0.61943	0.00275
k	2	2375	14	0.91134	0.38218	7.8554e-07	0.73625	0.00540
k	2	2375	14	0.90620	0.38546	8.5319e-07	0.75000	0.00550
S	0	0	15	1.40344	0.32179	1.5025e-08	1.96834	0.00892
S	0	0	15	1.38078	0.33024	7.7497e-09	1.79885	0.00897
S	0	0	15	1.38678	0.32042	2.2355e-08	2.01335	0.00905
M	0	0	15	1.34568	0.32654	3.6937e-08	2.05583	0.00936
M	0	0	15	1.36563	0.32449	1.6220e-08	1.90777	0.00904
M	0	0	15	1.41387	0.32959	1.3476e-08	2.02685	0.01000
L	0	0	15	1.25755	0.30271	2.8377e-08	1.60462	0.00890
L	0	0	15	1.23714	0.31540	3.0246e-08	1.60759	0.00866
L	0	0	15	1.24028	0.31474	4.5026e-08	1.72883	0.00935
X	0	0	15	1.35394	0.31036	5.8564e-08	2.09899	0.01084
X	0	0	15	1.21035	0.36133	2.4336e-07	2.31095	0.01663
X	0	0	15	1.30376	0.35935	7.4773e-08	2.29548	0.01148
S	1	1977	15	1.51824	0.45743	6.6385e-08	3.56108	0.04067
S	2	1977	15	1.48428	0.50361	9.6926e-08	3.88540	0.05933
S	3	1977	15	1.14661	0.36278	1.6258e-06	2.67032	0.01321
S	4	1977	15	0.82957	0.43434	5.2688e-05	3.08055	0.04265
S	5	1977	15	1.78937	0.38986	9.1493e-10	2.75722	0.03051
S	6	1977	15	1.94518	0.38882	9.7448e-10	3.10601	0.03326
S	7	1977	15	1.68326	0.32844	1.8017e-08	2.69835	0.01222
S	8	1977	15	1.39518	0.33378	6.5006e-08	2.36089	0.00954
M	1	1977	15	1.91617	0.36986	1.9159e-09	3.01864	0.02497
M	2	1977	15	1.54803	0.26819	2.7777e-08	2.08538	0.00830
M	3	1977	15	1.81454	0.45552	3.4803e-09	3.57319	0.03846
M	4	1977	15	1.69640	0.28385	1.1179e-08	2.29844	0.00887
M	5	1977	15	2.25438	0.38339	2.7117e-11	3.00146	0.03656
M	6	1977	15	1.70276	0.28798	2.0739e-09	2.07352	0.01240
M	7	1977	15	1.54621	0.31615	7.5849e-08	2.62617	0.02698
M	8	1977	15	2.04722	0.27871	1.7822e-10	2.21194	0.02976
L	1	1977	15	2.02391	0.29178	3.7715e-09	2.68120	0.03014
L	2	1977	15	1.77654	0.32455	9.3351e-09	2.73740	0.01367
L	3	1977	15	2.17133	0.35415	1.2152e-10	2.88434	0.02797
L	4	1977	15	1.70017	0.30036	1.9941e-08	2.53419	0.00951
L	5	1977	15	2.03237	0.24895	8.7592e-10	2.14713	0.01298
L	6	1977	15	1.80488	0.27866	5.1153e-09	2.31682	0.01427
L	7	1977	15	2.19731	0.32141	2.7179e-10	2.78972	0.03111
L	8	1977	15	0.52306	0.40112	1.7634e-03	3.00360	0.03899
X	1	1977	15	2.27262	0.29739	1.7310e-10	2.62455	0.01629
X	2	1977	15	1.17648	0.20232	1.4058e-08	0.87927	0.00983
X	3	1977	15	2.37735	0.28076	2.0619e-11	2.36517	0.02789
X	4	1977	15	1.59376	0.22825	3.2299e-08	1.89369	0.01654
X	5	1977	15	1.96518	0.29270	1.2804e-09	2.47665	0.01667
X	6	1977	15	1.90676	0.37511	1.6069e-09	3.03815	0.04265
X	7	1977	15	1.23741	0.31138	3.6715e-07	2.20236	0.01135
X	8	1977	15	2.54499	0.28344	1.3789e-11	2.51574	0.03864
k	2	1977	15	1.22346	0.29195	2.3748e-08	1.40440	0.00783
k	2	1977	15	1.23605	0.29174	1.9568e-08	1.39950	0.00830
k	2	1977	15	1.25437	0.29312	1.5086e-08	1.40703	0.00806
S	0	0	16	1.43998	0.33887	1.3268e-08	2.14700	0.01009
S	0	0	16	1.43425	0.33428	1.8497e-08	2.18595	0.00968
S	0	0	16	1.40356	0.31854	3.3812e-08	2.12743	0.00826
M	0	0	16	1.37548	0.33472	4.9986e-08	2.24094	0.00845
M	0	0	16	1.38675	0.31725	4.1552e-08	2.12433	0.00808
M	0	0	16	1.41419	0.33668	2.2406e-08	2.18151	0.00971
L	0	0	16	1.30562	0.33118	2.3225e-08	1.82765	0.00967
L	0	0	16	1.18541	0.34072	8.6291e-08	1.83150	0.01121
L	0	0	16	1.25760	0.32770	5.7235e-08	1.89343	0.00856
X	0	0	16	1.37964	0.35563	3.6859e-08	2.31214	0.01410
X	0	0	16	1.52595	0.34794	1.3474e-08	2.43195	0.01475
X	0	0	16	1.51428	0.35260	2.0091e-08	2.50335	0.01358
S	1	1511	16	1.48519	0.33357	2.4926e-08	2.36842	0.00882
S	2	1511	16	1.56250	0.33179	3.9005e-08	2.62951	0.00962
S	3	1511	16	1.40619	0.37183	1.2648e-07	2.79746	0.01087
S	4	1511	16	1.37759	0.32491	9.8849e-08	2.34617	0.00763
S	5	1511	16	1.36696	0.33436	1.2135e-07	2.43266	0.00914
S	6	1511	16	2.03229	0.35547	2.2916e-10	2.75704	0.01638
S	7	1511	16	1.56051	0.37172	2.0300e-08	2.75493	0.01070
S	8	1511	16	1.40103	0.32535	8.5594e-08	2.37514	0.00781
M	1	1511	16	2.06857	0.46236	2.0722e-10	3.58847	0.02901
M	2	1511	16	1.44413	0.32344	9.2384e-08	2.49450	0.00873
M	3	1511	16	2.32612	0.45713	7.7247e-12	3.45554	0.03354
M	4	1511	16	1.58580	0.26770	1.9816e-08	2.08393	0.01138
M	5	1511	16	2.16768	0.41434	1.1194e-10	3.32342	0.05538
M	6	1511	16	1.49504	0.27924	4.2768e-08	2.12995	0.01112
M	7	1511	16	1.84413	0.37403	2.7122e-09	2.98437	0.03165
M	8	1511	16	1.65719	0.28720	8.1547e-09	2.19688	0.01060
L	1	1511	16	3.24404	0.32356	1.2497e-14	2.80715	0.02941
L	2	1511	16	2.11002	0.36379	5.3235e-10	3.10700	0.04335
L	3	1511	16	1.53315	0.33029	1.2860e-07	2.80331	0.01269
L	4	1511	16	1.36636	0.32816	3.0157e-07	2.60457	0.01313
L	5	1511	16	1.69345	0.31586	2.5887e-08	2.68436	0.01385
L	6	1511	16	1.50258	0.31745	5.5422e-08	2.47029	0.01223
L	7	1511	16	1.46904	0.32182	9.2390e-08	2.53281	0.00995
L	8	1511	16	2.76035	0.41226	1.0667e-12	3.52534	0.04011
X	1	1511	16	1.70179	0.33931	2.1904e-08	2.84712	0.01601
X	2	1511	16	2.92761	0.39644	9.3733e-14	3.29287	0.05554
X	3	1511	16	1.79409	0.31855	1.2337e-08	2.76118	0.01508
X	4	1511	16	2.09541	0.25424	2.0465e-10	2.08035	0.02121
X	5	1511	16	2.62513	0.42785	4.0192e-12	3.63636	0.05287
X	6	1511	16	2.17564	0.43239	3.1605e-10	3.68060	0.05818
X	7	1511	16	1.45940	0.31432	1.1420e-07	2.49713	0.00916
X	8	1511	16	2.96958	0.35078	1.8464e-13	3.05018	0.02343
k	2	1511	16	1.09709	0.32591	5.5199e-08	1.28042	0.00848
k	2	1511	16	1.14006	0.30687	6.5790e-08	1.43956	0.00885
k	2	1511	16	1.12477	0.30592	7.0125e-08	1.40266	0.00862
S	0	0	17	1.42699	0.32783	1.1669e-08	2.00982	0.00862
S	0	0	17	1.45995	0.33187	8.3080e-09	2.05677	0.00993
S	0	0	17	1.38364	0.32051	3.1140e-08	2.09039	0.00962
M	0	0	17	1.36558	0.32469	3.5795e-08	2.09668	0.00922
M	0	0	17	1.37901	0.33063	4.0582e-08	2.23087	0.01133
M	0	0	17	1.46771	0.33497	7.7569e-09	2.08092	0.01024
L	0	0	17	1.28221	0.32257	2.4106e-08	1.72818	0.00918
L	0	0	17	1.26974	0.32256	2.4562e-08	1.69728	0.00938
L	0	0	17	1.21095	0.32008	6.5254e-08	1.75633	0.00955
X	0	0	17	1.35294	0.31593	6.8706e-08	2.16110	0.01289
X	0	0	17	1.38248	0.31198	4.1974e-08	2.10817	0.01404
X	0	0	17	1.29044	0.32587	9.9705e-08	2.14189	0.01255
S	1	1046	17	1.45785	0.32122	1.6390e-08	2.13978	0.00941
S	2	1046	17	1.15481	0.31177	2.0382e-06	2.41666	0.01407
S	3	1046	17	1.24897	0.34548	3.0011e-07	2.40430	0.01195
S	4	1046	17	1.39297	0.30615	5.2920e-08	2.13460	0.00877
S	5	1046	17	1.27954	0.31346	2.1428e-07	2.21082	0.01125
S	6	1046	17	1.56660	0.32147	9.6752e-09	2.29911	0.01393
S	7	1046	17	1.28958	0.34053	1.4956e-07	2.32048	0.01223
S	8	1046	17	1.39114	0.32940	4.6851e-08	2.25966	0.01022
M	1	1046	17	2.24609	0.31738	9.2841e-11	2.64690	0.01185
M	2	1046	17	1.33580	0.31862	1.9609e-07	2.37427	0.00920
M	3	1046	17	1.51399	0.32210	8.2305e-08	2.59535	0.01308
M	4	1046	17	1.59546	0.34101	1.7554e-08	2.59306	0.01288
M	5	1046	17	1.57898	0.29430	3.1760e-08	2.34863	0.00892
M	6	1046	17	1.47460	0.29969	1.7378e-08	2.05812	0.00925
M	7	1046	17	1.30833	0.31627	2.2364e-07	2.32054	0.01102
M	8	1046	17	1.34653	0.32851	1.4520e-07	2.39025	0.00960
L	1	1046	17	2.75967	0.33641	9.3397e-13	2.88402	0.03934
L	2	1046	17	1.45401	0.33688	4.8016e-08	2.46897	0.01051
L	3	1046	17	2.12250	0.30625	3.6669e-10	2.60590	0.01599
L	4	1046	17	1.33198	0.32219	2.1058e-07	2.40858	0.01282
L	5	1046	17	1.47389	0.33067	5.8810e-08	2.51823	0.01109
L	6	1046	17	1.41640	0.31623	6.9264e-08	2.31089	0.01053
L	7	1046	17	1.32386	0.28237	3.4685e-07	2.21746	0.00944
L	8	1046	17	2.44946	0.32092	7.6101e-12	2.63669	0.02241
X	1	1046	17	3.02063	0.30370	7.1757e-14	2.61379	0.04110
X	2	1046	17	1.49118	0.33203	1.8792e-09	1.84328	0.01434
X	3	1046	17	2.72632	0.27394	1.4498e-12	2.39217	0.02950
X	4	1046	17	2.01771	0.27995	5.0784e-10	2.30152	0.01551
X	5	1046	17	2.52942	0.34104	1.5935e-12	2.71355	0.04954
X	6	1046	17	2.03617	0.34395	2.6232e-10	2.70721	0.04719
X	7	1046	17	2.26057	0.27208	2.4393e-11	2.18088	0.02105
X	8	1046	17	2.13360	0.30908	7.1508e-10	2.73562	0.03781
k	2	1046	17	1.22048	0.29997	1.4934e-08	1.31174	0.00848
k	2	1046	17	1.23585	0.29447	2.1506e-08	1.43274	0.00850
k	2	1046	17	1.22719	0.29669	2.1731e-08	1.42472	0.00822
S	0	0	18	1.42356	0.33671	6.9499e-09	1.92030	0.00913
S	0	0	18	1.44395	0.34058	7.5147e-09	2.03407	0.01007
S	0	0	18	1.39152	0.32064	1.7841e-08	1.96477	0.00788
M	0	0	18	1.35280	0.32944	2.5915e-08	2.00137	0.00946
M	0	0	18	1.33774	0.31624	3.8006e-08	1.96983	0.00825
M	0	0	18	1.40233	0.34495	9.8141e-09	1.99935	0.01080
L	0	0	18	1.24960	0.34216	2.1349e-08	1.68267	0.01141
L	0	0	18	1.24300	0.33432	2.2122e-08	1.62076	0.00980
L	0	0	18	1.20493	0.32298	4.2222e-08	1.62447	0.00927
X	0	0	18	1.17732	0.34889	1.7294e-07	2.03427	0.01155
X	0	0	18	1.29502	0.31665	8.3506e-08	2.05482	0.01176
X	0	0	18	1.38708	0.30953	4.4192e-08	2.09385	0.01047
S	1	465	18	1.42279	0.32416	1.4622e-08	2.02830	0.00860
S	2	465	18	1.34062	0.32525	5.2502e-08	2.11383	0.00933
S	3	465	18	1.38302	0.35120	1.5253e-08	2.06772	0.01077
S	4	465	18	1.40228	0.33287	1.1606e-08	1.95835	0.00935
S	5	465	18	1.36393	0.32353	2.7212e-08	2.00417	0.00837
S	6	465	18	1.36292	0.33192	1.6811e-08	1.94385	0.00945
S	7	465	18	1.39116	0.34580	1.3349e-08	2.04553	0.01082
S	8	465	18	1.47954	0.33173	7.2208e-09	2.06577	0.00904
M	1	465	18	1.36166	0.32613	3.6599e-08	2.09576	0.00890
M	2	465	18	1.34050	0.32600	4.7106e-08	2.08904	0.00829
M	3	465	18	1.37737	0.32822	2.2670e-08	2.02214	0.00816
M	4	465	18	1.37170	0.32742	2.3212e-08	2.00989	0.00785
M	5	465	18	1.48343	0.33492	6.6943e-09	2.07140	0.00909
M	6	465	18	1.41319	0.32371	1.7386e-08	2.03316	0.00801
M	7	465	18	1.38660	0.33881	2.0896e-08	2.09762	0.00935
M	8	465	18	1.46361	0.34527	7.2137e-09	2.09043	0.00990
L	1	465	18	1.44277	0.32824	1.2005e-08	2.06603	0.00865
L	2	465	18	1.48326	0.34214	1.1120e-08	2.23372	0.01062
L	3	465	18	1.38299	0.32223	3.1018e-08	2.08478	0.00868
L	4	465	18	1.47813	0.35212	5.4625e-09	2.11887	0.01127
L	5	465	18	1.37611	0.32915	2.9604e-08	2.10011	0.00880
L	6	465	18	1.43171	0.33992	1.7068e-08	2.18494	0.01086
L	7	465	18	1.34645	0.33207	4.4193e-08	2.12439	0.00908
L	8	465	18	1.37185	0.33027	2.0968e-08	2.00362	0.01006
X	1	465	18	1.19843	0.31502	9.6997e-07	2.34726	0.01329
X	2	465	18	1.95577	0.30004	7.6670e-11	2.08685	0.01610
X	3	465	18	1.31021	0.35524	1.0736e-07	2.37016	0.01126
X	4	465	18	1.56962	0.30491	1.0400e-08	2.18707	0.01132
X	5	465	18	2.63266	0.31159	1.3312e-13	2.30735	0.02586
X	6	465	18	2.71653	0.31489	2.3409e-13	2.50595	0.02898
X	7	465	18	1.83256	0.28286	5.7590e-10	2.05633	0.01527
X	8	465	18	2.79354	0.38159	4.5815e-14	2.89381	0.04411
k	2	465	18	1.12165	0.31347	3.3269e-08	1.19185	0.00792
k	2	465	18	1.19764	0.29733	2.6184e-08	1.36347	0.00816
k	2	465	18	1.18014	0.30228	2.8503e-08	1.35141	0.00853
